2828
1735
599
351
1797
1067
1708
3455
3584
1009
2302
2524
1302
667
2806
523
2937
3578
3346
1685
2210
2083
3445
2631
2807
1844
2693
2511
934
834
3071
2046
3011
2030
2808
668
141
321
1749
414
2689
985
361
3042
1332
1053
1247
756
2224
1878
2319
319
3513
2496
1920
3065
2188
2479
1329
530
2886
44
3077
3045
718
3548
503
2821
2729
773
2147
3657
2273
2280
1267
3180
2630
1411
238
3165
206
2887
2353
747
3339
1399
3582
1199
3301
2888
1823
2136
1795
904
2380
416
20
1507
312
3417
595
365
638
2160
2486
573
114
1700
850
3491
1423
2428
1684
3367
165
1915
3504
1652
2973
148
3561
3393
387
2100
3376
1830
1828
1681
2475
371
2219
0
3060
1907
1972
1120
2529
1611
2846
1895
19
639
3125
2960
1875
36
1252
1818
2967
2673
1163
797
1727
505
1151
832
1206
3122
2918
3553
2501
1690
1548
2327
1502
1256
3085
863
1289
3555
3599
145
1153
174
697
2151
2117
3543
2827
1420
2247
2889
3101
2564
2048
363
1770
1113
3314
342
1371
67
1198
1607
3154
1644
2193
3496
2349
545
3655
1401
1584
112
1588
2843
1121
3057
2614
3179
1007
2099
528
380
3402
2697
1079
929
3277
3585
272
197
1436
3534
1539
2095
762
73
2620
1602
3209
3322
789
2506
2228
1796
7
144
21
42
1668
1419
2118
2712
2171
2130
1006
1528
3368
1738
2213
993
602
1825
946
3252
1691
1410
2547
2891
27
316
1146
2155
3476
3453
1534
399
3083
1603
2108
732
861
966
2476
377
650
1107
2587
1307
410
730
3226
704
2760
893
769
1405
88
3512
3194
3579
2412
1615
1261
2515
270
2255
3117
1551
3153
2090
2839
2968
498
2540
3002
2728
2559
3288
2776
561
3461
199
3593
3426
821
3558
1514
3193
2927
3365
1071
800
3256
1536
2142
451
218
1379
531
81
520
878
2389
2525
842
2373
392
3163
3434
2269
3626
3067
702
478
844
1231
2156
3392
357
1047
266
883
1165
2796
2589
2468
72
1337
1017
2615
1426
2163
247
1190
1864
3574
2002
2576
1750
3415
3568
683
551
927
3658
3109
839
3250
2132
2805
3078
3614
2240
3270
2983
2754
2826
2502
827
204
1629
346
3531
2492
3076
2601
1406
1604
3089
959
336
1799
1711
55
2177
2660
2966
3203
1075
1712
2575
1098
3283
3175
2217
259
3573
1970
2352
2993
2915
1802
1853
2221
3520
2463
366
1897
728
2892
123
1149
3131
1525
2969
2043
766
2085
3084
917
3670
35
733
2824
1520
2340
1221
1472
2158
1532
1416
1187
2074
1896
2336
1921
1174
2677
1031
1594
3482
2097
201
2683
2513
2635
2724
3583
124
400
1341
1583
2040
3423
376
2549
2200
2115
2809
160
1281
2312
2020
527
2580
3412
1243
304
333
1214
3324
3459
3525
3025
2419
1102
824
1567
775
1842
1048
170
3646
2667
1477
155
2829
2880
3296
729
2864
1169
257
2686
3170
3114
1495
3047
908
445
3577
3507
2466
2012
568
1941
275
142
1431
1991
1553
2794
770
2064
809
3253
3007
2339
2488
3448
2974
1675
91
3641
1981
1887
1706
949
1705
2810
1791
2053
2833
2133
1585
455
1713
5
3254
663
1565
324
1608
567
3349
1508
2710
2395
1609
252
3156
3171
3371
190
3197
2726
735
364
2039
1759
3207
279
30
2114
3246
2860
3081
3450
1030
2264
2656
910
1966
2965
710
2376
2908
553
2837
3224
659
615
3177
2665
1721
2849
818
1967
3420
2164
1933
757
3550
992
1137
1066
3429
1304
1479
1695
580
776
727
43
540
1590
1916
2972
3103
723
2902
1662
3630
2857
487
1036
3027
726
3563
95
2052
943
3640
231
1155
578
2714
415
2169
803
2313
1037
2013
1524
2242
1873
196
1264
829
2507
98
1740
1111
1298
514
1868
1650
1651
1089
1739
17
12
3191
564
916
698
2655
499
2478
2725
1458
2602
2871
2223
1598
2749
2000
1362
2473
9
2571
69
236
645
140
3469
3333
885
684
2553
2629
1490
2241
3112
3590
987
2403
1587
3242
1874
2919
1932
1474
502
1657
1004
3598
2713
1176
1427
563
1499
1480
2145
2835
1487
1407
2367
2042
3251
427
1886
598
2943
1291
2309
1351
2146
2930
975
1220
320
801
2795
2088
480
1447
3012
2344
2604
2782
368
3062
2405
367
664
1057
2304
2183
3130
2595
565
3595
2721
209
1414
1661
3533
1227
781
1543
120
2901
194
216
15
1210
340
2865
1446
3387
990
2897
798
3506
3352
3517
976
40
3001
619
3141
2798
1229
52
3265
2291
548
94
3628
1166
1928
1064
338
3199
1866
1475
2883
1523
1370
3679
2732
422
575
3488
3271
3275
724
901
2445
940
2076
3631
2936
2422
3009
852
2301
2296
426
2912
2126
537
2218
3611
3312
1945
973
48
1906
569
437
3028
2637
2355
2399
2527
1500
1363
1122
2516
423
226
1570
1348
146
3444
2844
2814
3129
887
1269
888
2690
1311
2490
3490
835
1745
296
3184
143
3636
794
2474
2651
1959
3303
3516
1452
45
1335
2120
49
2381
2757
1935
457
1910
2485
2716
68
2738
2650
1287
3332
629
429
1125
2996
1290
2791
783
1273
2109
2985
1958
3381
2532
2546
253
235
843
2335
544
434
557
3383
1827
2550
1241
1800
774
1435
854
228
2801
3662
1173
1398
3219
182
2775
1461
2192
3569
2840
552
3440
1631
1848
1249
384
3374
3073
1082
2980
1454
3487
912
1867
430
1995
1807
656
1518
1772
2688
2467
3629
293
3225
1965
1364
2748
1547
3363
61
554
65
2408
352
2054
46
1104
1100
2416
3278
2284
3264
2229
2286
3313
2176
1383
826
3048
3094
2566
59
1781
3038
425
3118
135
2517
3161
828
3489
2896
2393
2186
2165
597
2706
3656
3617
119
1654
2168
874
2869
2817
1538
549
2134
3350
2460
2330
1157
2523
1940
2420
159
2195
3668
3196
2321
3355
964
1347
2387
2431
1409
1358
3102
448
452
1574
1949
3325
3379
1527
1074
1623
628
3594
242
3409
2011
736
3190
23
1357
2780
2999
3673
3024
3056
534
3484
3228
662
2756
287
3198
195
1380
3639
1771
1240
3032
830
359
2170
2252
690
28
1101
526
939
1236
677
230
394
1753
958
1268
2480
2868
2198
930
2613
1725
2674
3554
18
1108
2534
1496
1014
813
1596
2056
855
1622
2071
2143
3667
183
121
1484
3603
588
2605
3000
1943
3021
1381
1709
1136
1127
3348
2898
846
3230
1909
476
462
3105
2594
1204
490
3372
1506
556
2294
2582
3592
2190
981
3437
1986
709
1400
2909
1546
2316
1723
1639
808
3454
3321
1693
589
2359
1147
2245
2641
1428
1001
2666
3145
2659
460
2672
1257
3535
504
2634
1346
1283
3149
3492
701
1091
941
2784
1197
2278
1459
2955
3150
1148
2157
3649
2811
2436
965
1027
2258
3345
845
310
1776
642
2096
1707
390
225
1445
2237
496
2026
3092
2446
3495
983
1219
2243
2104
2606
1184
543
2379
2977
2514
2512
3612
3518
678
754
34
972
613
1152
3674
1090
3090
3336
688
3620
612
804
1819
1730
1559
3494
1601
305
2189
1573
970
1889
2434
2867
2112
82
2386
2346
1042
2406
407
2075
748
2307
3443
1646
806
2577
2935
243
1251
2303
1612
2987
1032
3505
2556
591
3195
1852
3181
1369
3234
104
820
92
2068
825
749
2345
3645
2106
220
16
3511
3088
3281
1822
1013
2607
1322
99
1544
1194
440
1638
3475
1035
805
1964
3500
1782
631
1021
2911
1947
3358
3596
388
2878
1183
2838
3467
508
856
1789
786
1464
103
198
288
2675
1752
547
250
955
1676
1339
217
1492
1054
3074
2680
2856
707
3638
640
1674
1242
3407
2823
1619
991
2647
2464
2407
3661
149
928
609
2458
501
989
618
1314
593
1564
1992
1019
2451
1689
1824
1666
1171
431
1333
3239
1181
1767
93
2400
58
3293
2006
691
2122
1278
1349
3364
1820
1189
1212
345
1312
2103
2626
3139
1258
3483
2180
3238
1541
1128
1300
402
513
2471
1898
1062
708
461
660
2803
337
622
2018
3384
1913
3110
1778
2718
2058
3519
1203
1310
1442
3410
705
1059
3470
2733
1832
1880
2565
649
256
2707
2622
838
1808
3530
1617
1503
2596
2790
176
2762
265
1129
2314
3328
2365
3280
739
1497
2009
484
1715
2427
3223
2191
2035
740
3665
1306
2150
3664
1457
3480
614
594
1110
3243
132
2768
2640
1367
654
2124
179
3132
1460
1929
1974
1977
277
251
3245
2785
1421
584
1253
439
1555
3064
533
2862
3398
1150
1647
1060
3160
3462
53
3289
3615
570
2060
2642
1600
3347
3536
3055
3043
1968
2482
3286
759
1951
1911
314
2964
66
1161
2741
1854
750
2462
2025
137
2308
71
2362
3124
2670
2695
63
327
2138
1050
3669
831
1305
1374
153
2831
2970
1982
890
1670
2027
1488
3408
915
2032
2500
1412
341
872
2272
3017
3126
627
1840
3394
671
2593
2082
657
601
2907
1850
2019
2128
3003
869
2975
169
2979
1063
752
3354
1417
2668
3019
694
1899
2110
1522
819
894
3097
254
2498
2610
2015
2854
3326
3537
391
2551
1542
74
3436
3151
3068
2383
1678
2398
3233
2061
1773
3359
412
600
75
2586
3317
1466
129
3396
2377
2530
2526
1424
2401
1402
3541
358
2608
693
2895
2797
90
273
680
1549
2149
1191
1580
212
2694
2557
1501
493
706
2062
1838
3107
1680
1530
3666
764
792
2770
1831
3080
799
2761
1134
1792
1610
2227
2113
1077
138
3267
3188
175
1368
3144
3660
853
2572
492
722
1963
3
879
3565
294
1471
2819
3539
1055
1294
2369
1097
2489
3344
1698
3395
936
1275
1625
1308
859
488
97
2215
616
2994
2450
2366
227
2877
2429
2300
2031
2701
2447
441
3204
2396
3274
2491
1260
2152
1790
1444
2016
3119
2788
2568
2277
2287
1969
78
2963
2023
3540
686
2295
1463
3648
202
3138
2324
459
767
167
790
482
765
3200
811
109
849
54
2033
923
1774
2101
3601
3659
2348
3386
1051
2518
558
3509
3106
3167
2953
2928
1743
1056
2162
1456
2773
1957
760
2753
1313
106
512
3442
2705
2051
2454
3337
331
857
1080
2727
2759
1593
577
3389
2153
3403
3316
1900
753
2036
1833
1987
1606
2657
2231
2722
2535
479
2003
1605
2178
2127
583
2653
909
486
1473
1385
746
841
3302
3424
1476
339
2066
1996
1579
1418
1702
2430
3255
315
3172
2916
268
2139
1847
2531
689
3652
2337
1860
3269
3173
2065
3566
1578
1978
3050
1614
3510
605
3134
3498
2504
463
393
3380
1569
699
3216
2326
2288
742
37
741
1041
3428
1373
1930
191
3481
1403
2682
3005
1439
3020
261
1665
672
1955
1317
771
1144
3377
2073
3370
1218
264
802
3111
1430
3441
2508
716
3248
289
2457
1193
166
2045
2638
2341
2091
1856
3121
1744
2820
2203
2131
3466
3357
3113
193
675
2328
685
1325
3054
2325
2144
1224
2047
692
1586
2092
793
579
3538
763
745
325
1248
1070
2368
3562
3425
1449
507
2951
353
1323
3072
172
1462
3292
1714
1841
1660
2537
922
126
2332
2246
2239
3229
2563
385
1334
2950
1658
1861
921
2583
1834
3235
3066
1954
2250
1188
2941
3604
1038
1216
3463
184
3182
1994
2591
157
587
2184
2685
116
77
925
945
635
2461
1039
3618
115
2374
2089
3058
620
1293
905
2949
139
900
309
2924
3098
3388
3022
3187
2159
1301
1316
1156
1806
2545
2766
919
1186
3183
3319
3210
950
1011
3261
1582
1948
362
154
1342
3567
2439
313
1233
355
404
524
299
3431
483
2391
3262
1321
1677
1962
1489
2778
715
1589
1855
2832
2179
2235
233
1296
2573
3104
344
2925
682
453
1390
1270
3276
3473
2558
2789
3142
433
1788
2554
2226
1884
703
1330
85
1659
2779
3521
1710
2744
1758
1282
318
2800
76
3087
173
1626
295
1450
2599
3605
1557
529
2347
1763
2037
3031
3356
2847
3597
1046
562
865
1234
837
31
224
1618
2910
2700
1263
3308
1160
454
3041
2841
466
2098
882
1118
1696
2538
2905
1736
1814
1114
334
203
2541
637
215
3026
2421
3421
1515
3290
1396
2322
1719
1540
3632
2265
125
581
2649
2679
2402
3609
25
1437
1391
2585
2510
738
2423
1095
107
1757
926
3479
2618
1505
1434
3268
2863
1975
3152
871
2078
3220
2917
1279
3528
3542
3643
3157
2469
2737
3362
245
2248
1526
395
1768
2519
349
3514
274
1942
2938
1533
1044
3205
1748
1280
389
2929
1633
3589
1388
1694
935
3414
1761
880
2923
2275
1762
3202
2292
1207
2173
2317
2772
3675
516
269
607
3676
2944
301
2279
2008
2836
1746
1645
1961
3299
2858
1876
2822
2958
3619
3581
2063
1851
446
2102
3524
1836
2752
3508
465
3460
1724
519
214
3240
713
64
1326
3391
1467
3335
539
2588
450
714
2581
2290
532
3008
2959
11
2995
2663
954
884
848
2861
840
3438
997
3192
3338
87
2769
375
2320
500
3306
1130
1630
3360
1469
3472
1504
2648
1485
967
1821
1816
889
2812
134
3282
2520
2004
405
3575
2448
2914
2945
1519
2730
1591
2884
2201
2433
398
475
2017
1246
152
185
572
477
2956
2384
1901
258
906
1343
3532
3677
1931
957
443
1521
1560
1073
1509
2555
506
2197
2623
2704
1616
2691
2343
2282
1627
3418
576
3557
1918
471
1387
2350
1973
1052
673
1116
2055
2777
1498
2866
3385
822
719
2971
2875
1208
369
538
3586
136
1805
1265
161
3373
560
1026
3091
897
1443
3405
1172
2034
200
2411
33
2954
3258
89
1209
3607
2354
3625
2590
1562
971
2991
1979
1575
3029
1237
2452
1024
1737
1225
3100
3035
302
3486
2238
1178
1905
3249
1045
1882
1040
1888
951
586
2388
2038
3449
3135
323
3004
696
737
3564
1687
2976
3236
596
1764
1535
1468
1201
3556
3642
188
2528
3222
3331
1817
2456
3361
1777
370
3600
1177
961
3285
3174
2216
1998
1297
3591
2185
1345
3287
1628
1386
3432
1923
306
632
1679
590
62
1871
2154
408
1803
3310
1359
2417
2057
2696
151
2028
623
1581
1561
3378
1303
178
1682
2624
3545
2342
978
772
1318
3006
1545
3231
2639
1361
1413
3070
2206
1829
608
2005
3318
3399
3474
3116
2636
1094
3624
1392
2934
2763
285
559
2081
2455
780
1571
592
2257
1870
2900
1934
1976
1701
1119
2084
1195
2539
630
481
1890
464
2616
2747
1671
2262
56
2256
1272
648
3451
2493
2904
2981
1985
3232
1179
3257
2249
3580
3206
211
1810
2041
3606
2123
768
222
1692
1892
2931
4
2107
1655
474
1324
2870
3544
360
2876
150
2253
1640
2628
2029
3143
1350
658
428
1315
1365
3298
1425
1925
373
3227
2906
2397
743
3137
3034
2125
3133
717
3637
3382
1103
84
2404
2356
3610
374
2834
1025
3622
3499
1769
3164
2449
329
1793
2022
2211
2049
3212
3061
1245
1919
509
1798
1182
3049
3284
3559
679
244
3576
582
1088
3176
3015
2230
470
2990
810
2415
2560
2644
956
291
1859
1158
1180
948
133
1192
1924
2432
2658
1673
10
641
307
2260
711
982
643
332
3218
3547
2562
851
406
2497
246
2543
2329
3128
1756
3404
1217
1813
1845
3422
2140
924
3608
2764
3096
1704
2285
485
3140
348
3044
2305
611
621
219
2578
2363
303
2014
1641
267
467
1956
1034
210
755
1395
1804
1960
1922
1164
2351
50
420
2750
2612
2851
1196
3214
223
186
1123
518
2894
57
1238
3146
1478
931
1213
795
411
1159
2444
2148
2414
1132
1983
886
3353
758
2194
489
3551
788
494
944
3502
1255
1109
3485
1441
1354
3340
1742
3623
2174
2267
3030
1511
2382
3023
1254
996
3400
907
1205
381
70
1835
2010
2645
1950
984
2274
3201
3155
988
3446
782
2116
41
3311
1131
2441
1145
1394
1058
1453
868
1997
2882
1331
2998
117
1377
2873
2736
2499
2334
2978
998
1846
1142
354
1005
1320
1099
2426
1784
2845
1980
2913
2522
1106
2664
2137
721
1783
3468
1883
3588
1483
1775
432
2007
2926
51
1397
2652
3241
282
1517
2709
3527
2182
1422
168
2318
3413
2459
2802
1235
417
994
2569
2425
311
812
1624
1537
3052
2921
1277
105
2370
3439
1274
670
3497
2487
2481
687
1510
1049
3186
892
2310
468
2742
1939
517
3260
624
3247
83
816
2961
127
164
2669
3237
2662
918
1433
213
3464
3457
1926
3272
1033
1726
3644
2879
1382
1338
1862
866
1340
3053
1065
3099
744
1891
555
1755
2632
343
111
2715
2311
2424
1613
110
3572
2548
3168
1914
3433
1656
2781
2739
1376
1592
118
3329
1785
1117
3523
1999
903
2470
2236
2204
1716
1597
1223
1440
24
1953
1558
2358
80
2848
3294
1595
1720
847
255
1703
1908
2222
1355
1669
1699
263
876
2893
625
2842
1568
947
617
3522